<?xml version="1.0" encoding="UTF-8" standalone="no" ?>
<COLLADA xmlns="http://www.collada.org/2005/11/COLLADASchema" version="1.4.1">
    <asset>
        <contributor>
            <authoring_tool>SketchUp 6.4.112</authoring_tool>
        </contributor>
        <created>2017-12-16T03:51:12Z</created>
        <modified>2017-12-16T03:51:12Z</modified>
        <unit meter="0.0254" name="inch" />
        <up_axis>Z_UP</up_axis>
    </asset>
    <library_cameras>
        <camera id="ID1" name="skp_camera_Last_Saved_SketchUp_View">
            <optics>
                <technique_common>
                    <perspective>
                        <yfov>30</yfov>
                        <aspect_ratio>0</aspect_ratio>
                        <znear>1</znear>
                        <zfar>1000</zfar>
                    </perspective>
                </technique_common>
            </optics>
        </camera>
    </library_cameras>
    <library_visual_scenes>
        <visual_scene id="ID2">
            <node name="SketchUp">
                <node name="skp_camera_Last_Saved_SketchUp_View">
                    <matrix>0.9895586 0.06217512 -0.1300312 -58.8232 -0.1441314 0.4268739 -0.8927513 -422.6599 2.081668e-17 0.9021712 0.4313781 241.9433 0 0 0 1</matrix>
                    <instance_camera url="#ID1" />
                </node>
                <node id="ID3" name="instance_0">
                    <matrix>1 0 0 -80.11253 0 1 0 -20.80592 0 0 1 -5.684342e-14 0 0 0 1</matrix>
                    <instance_node url="#ID4" />
                </node>
            </node>
        </visual_scene>
    </library_visual_scenes>
    <library_nodes>
        <node id="ID4" name="ske9450">
            <node id="ID5" name="instance_1">
                <matrix>1 0 0 -59.71665 0 1 0 -66.99885 0 0 1 -5.684342e-14 0 0 0 1</matrix>
                <instance_node url="#ID6" />
            </node>
        </node>
        <node id="ID6" name="Component_1">
            <node id="ID7" name="instance_2">
                <matrix>0.9884397 0.1511419 0.01196349 59.60127 -0.1509288 0.9883972 -0.0170702 39.59632 -0.0144047 0.01506722 0.9997827 136.3268 0 0 0 1</matrix>
                <instance_node url="#ID8" />
            </node>
            <node id="ID22" name="instance_3">
                <matrix>0.9884397 0.1511419 0.01196349 53.90767 -0.1509288 0.9883972 -0.0170702 31.02924 -0.0144047 0.01506722 0.9997827 140.2883 0 0 0 1</matrix>
                <instance_node url="#ID8" />
            </node>
            <node id="ID23" name="instance_4">
                <matrix>0.9884397 0.1511419 0.01196349 72.66279 -0.1509288 0.9883972 -0.0170702 61.1666 -0.0144047 0.01506722 0.9997827 127.6256 0 0 0 1</matrix>
                <instance_node url="#ID8" />
            </node>
            <node id="ID24" name="instance_5">
                <matrix>0.9884397 0.1511419 0.01196349 88.28986 -0.1509288 0.9883972 -0.0170702 53.45037 -0.0144047 0.01506722 0.9997827 142.7017 0 0 0 1</matrix>
                <instance_node url="#ID8" />
            </node>
            <node id="ID25" name="instance_6">
                <matrix>0.9884397 0.1511419 0.01196349 77.51654 -0.1509288 0.9883972 -0.0170702 60.77353 -0.0144047 0.01506722 0.9997827 134.9902 0 0 0 1</matrix>
                <instance_node url="#ID8" />
            </node>
            <node id="ID26" name="instance_7">
                <matrix>0.9884397 0.1511419 0.01196349 79.92027 -0.1509288 0.9883972 -0.0170702 92.04218 -0.0144047 0.01506722 0.9997827 139.0829 0 0 0 1</matrix>
                <instance_node url="#ID8" />
            </node>
            <node id="ID27" name="instance_8">
                <matrix>0.9884397 0.1511419 0.01196349 88.36176 -0.1509288 0.9883972 -0.0170702 96.27302 -0.0144047 0.01506722 0.9997827 140.0425 0 0 0 1</matrix>
                <instance_node url="#ID8" />
            </node>
            <node id="ID28" name="instance_9">
                <matrix>0.9884397 0.1511419 0.01196349 52.98305 -0.1509288 0.9883972 -0.0170702 83.91391 -0.0144047 0.01506722 0.9997827 137.0475 0 0 0 1</matrix>
                <instance_node url="#ID8" />
            </node>
            <node id="ID29" name="instance_10">
                <matrix>0.9884397 0.1511419 0.01196349 47.28594 -0.1509288 0.9883972 -0.0170702 99.21691 -0.0144047 0.01506722 0.9997827 142.7275 0 0 0 1</matrix>
                <instance_node url="#ID8" />
            </node>
            <node id="ID30" name="instance_11">
                <matrix>0.9884397 0.1511419 0.01196349 81.20671 -0.1509288 0.9883972 -0.0170702 103.7054 -0.0144047 0.01506722 0.9997827 122.9678 0 0 0 1</matrix>
                <instance_node url="#ID8" />
            </node>
            <node id="ID31" name="instance_12">
                <matrix>0.9884397 0.1511419 0.01196349 69.48816 -0.1509288 0.9883972 -0.0170702 93.90744 -0.0144047 0.01506722 0.9997827 114.1722 0 0 0 1</matrix>
                <instance_node url="#ID8" />
            </node>
            <node id="ID32" name="instance_13">
                <matrix>0.9884397 0.1511419 0.01196349 23.65982 -0.1509288 0.9883972 -0.0170702 52.9289 -0.0144047 0.01506722 0.9997827 163.4793 0 0 0 1</matrix>
                <instance_node url="#ID8" />
            </node>
            <node id="ID33" name="instance_14">
                <matrix>0.9884397 0.1511419 0.01196349 63.85713 -0.1509288 0.9883972 -0.0170702 107.1253 -0.0144047 0.01506722 0.9997827 165.5337 0 0 0 1</matrix>
                <instance_node url="#ID8" />
            </node>
            <node id="ID34" name="instance_15">
                <matrix>0.9884397 0.1511419 0.01196349 57.11045 -0.1509288 0.9883972 -0.0170702 104.4185 -0.0144047 0.01506722 0.9997827 165.6655 0 0 0 1</matrix>
                <instance_node url="#ID8" />
            </node>
            <node id="ID35" name="instance_16">
                <matrix>0.9884397 0.1511419 0.01196349 38.86778 -0.1509288 0.9883972 -0.0170702 54.58825 -0.0144047 0.01506722 0.9997827 173.2845 0 0 0 1</matrix>
                <instance_node url="#ID8" />
            </node>
            <node id="ID36" name="instance_17">
                <matrix>0.9884397 0.1511419 0.01196349 81.87068 -0.1509288 0.9883972 -0.0170702 37.08168 -0.0144047 0.01506722 0.9997827 158.7042 0 0 0 1</matrix>
                <instance_node url="#ID8" />
            </node>
            <node id="ID37" name="instance_18">
                <matrix>0.9884397 0.1511419 0.01196349 33.68328 -0.1509288 0.9883972 -0.0170702 80.0359 -0.0144047 0.01506722 0.9997827 183.3504 0 0 0 1</matrix>
                <instance_node url="#ID8" />
            </node>
            <node id="ID38" name="instance_19">
                <matrix>0.9884397 0.1511419 0.01196349 44.14876 -0.1509288 0.9883972 -0.0170702 69.27041 -0.0144047 0.01506722 0.9997827 182.0552 0 0 0 1</matrix>
                <instance_node url="#ID8" />
            </node>
            <node id="ID39" name="instance_20">
                <matrix>0.9884397 0.1511419 0.01196349 58.63274 -0.1509288 0.9883972 -0.0170702 76.36531 -0.0144047 0.01506722 0.9997827 197.0658 0 0 0 1</matrix>
                <instance_node url="#ID8" />
            </node>
            <node id="ID40" name="instance_21">
                <matrix>0.9884397 0.1511419 0.01196349 53.26873 -0.1509288 0.9883972 -0.0170702 44.47584 -0.0144047 0.01506722 0.9997827 181.8569 0 0 0 1</matrix>
                <instance_node url="#ID8" />
            </node>
            <node id="ID41" name="instance_22">
                <matrix>0.9884397 0.1511419 0.01196349 82.3464 -0.1509288 0.9883972 -0.0170702 87.31 -0.0144047 0.01506722 0.9997827 183.0694 0 0 0 1</matrix>
                <instance_node url="#ID8" />
            </node>
            <node id="ID42" name="instance_23">
                <matrix>0.9884397 0.1511419 0.01196349 67.20097 -0.1509288 0.9883972 -0.0170702 81.43404 -0.0144047 0.01506722 0.9997827 187.6317 0 0 0 1</matrix>
                <instance_node url="#ID8" />
            </node>
            <node id="ID43" name="instance_24">
                <matrix>0.9884397 0.1511419 0.01196349 52.35695 -0.1509288 0.9883972 -0.0170702 76.19893 -0.0144047 0.01506722 0.9997827 166.0413 0 0 0 1</matrix>
                <instance_node url="#ID8" />
            </node>
            <node id="ID44" name="instance_25">
                <matrix>0.9884397 0.1511419 0.01196349 74.02752 -0.1509288 0.9883972 -0.0170702 71.5977 -0.0144047 0.01506722 0.9997827 158.9656 0 0 0 1</matrix>
                <instance_node url="#ID8" />
            </node>
            <node id="ID45" name="instance_26">
                <matrix>0.9884397 0.1511419 0.01196349 64.58602 -0.1509288 0.9883972 -0.0170702 53.86323 -0.0144047 0.01506722 0.9997827 186.2244 0 0 0 1</matrix>
                <instance_node url="#ID8" />
            </node>
            <node id="ID46" name="instance_27">
                <matrix>0.9884397 0.1511419 0.01196349 77.58577 -0.1509288 0.9883972 -0.0170702 49.48871 -0.0144047 0.01506722 0.9997827 173.4183 0 0 0 1</matrix>
                <instance_node url="#ID8" />
            </node>
            <node id="ID47" name="instance_28">
                <matrix>0.3144 0 0 60.83866 0 0.3144 0 69.15967 0 0 0.3144 0.02390893 0 0 0 1</matrix>
                <instance_node url="#ID48" />
            </node>
            <node id="ID136" name="instance_31">
                <matrix>0.9884397 0.1511419 0.01196349 105.8133 -0.1509288 0.9883972 -0.0170702 44.04846 -0.0144047 0.01506722 0.9997827 85.68372 0 0 0 1</matrix>
                <instance_node url="#ID8" />
            </node>
            <node id="ID137" name="instance_32">
                <matrix>0.9884397 0.1511419 0.01196349 94.37213 -0.1509288 0.9883972 -0.0170702 47.47647 -0.0144047 0.01506722 0.9997827 97.6759 0 0 0 1</matrix>
                <instance_node url="#ID8" />
            </node>
            <node id="ID138" name="instance_33">
                <matrix>0.9884397 0.1511419 0.01196349 83.86238 -0.1509288 0.9883972 -0.0170702 32.92328 -0.0144047 0.01506722 0.9997827 98.5381 0 0 0 1</matrix>
                <instance_node url="#ID8" />
            </node>
            <node id="ID139" name="instance_34">
                <matrix>0.9884397 0.1511419 0.01196349 68.95452 -0.1509288 0.9883972 -0.0170702 40.62614 -0.0144047 0.01506722 0.9997827 84.31394 0 0 0 1</matrix>
                <instance_node url="#ID8" />
            </node>
            <node id="ID140" name="instance_35">
                <matrix>0.9884397 0.1511419 0.01196349 37.04993 -0.1509288 0.9883972 -0.0170702 38.46719 -0.0144047 0.01506722 0.9997827 98.76389 0 0 0 1</matrix>
                <instance_node url="#ID8" />
            </node>
            <node id="ID141" name="instance_36">
                <matrix>0.9884397 0.1511419 0.01196349 35.5161 -0.1509288 0.9883972 -0.0170702 53.35531 -0.0144047 0.01506722 0.9997827 98.73005 0 0 0 1</matrix>
                <instance_node url="#ID8" />
            </node>
            <node id="ID142" name="instance_37">
                <matrix>0.9884397 0.1511419 0.01196349 30.57657 -0.1509288 0.9883972 -0.0170702 63.32913 -0.0144047 0.01506722 0.9997827 85.42476 0 0 0 1</matrix>
                <instance_node url="#ID8" />
            </node>
            <node id="ID143" name="instance_38">
                <matrix>0.9884397 0.1511419 0.01196349 22.14026 -0.1509288 0.9883972 -0.0170702 49.12442 -0.0144047 0.01506722 0.9997827 97.67761 0 0 0 1</matrix>
                <instance_node url="#ID8" />
            </node>
            <node id="ID144" name="instance_39">
                <matrix>0.9884397 0.1511419 0.01196349 8.488761 -0.1509288 0.9883972 -0.0170702 71.85305 -0.0144047 0.01506722 0.9997827 112.2153 0 0 0 1</matrix>
                <instance_node url="#ID8" />
            </node>
            <node id="ID145" name="instance_40">
                <matrix>0.9884397 0.1511419 0.01196349 17.89922 -0.1509288 0.9883972 -0.0170702 70.58472 -0.0144047 0.01506722 0.9997827 122.6018 0 0 0 1</matrix>
                <instance_node url="#ID8" />
            </node>
            <node id="ID146" name="instance_41">
                <matrix>0.9884397 0.1511419 0.01196349 59.03226 -0.1509288 0.9883972 -0.0170702 96.46583 -0.0144047 0.01506722 0.9997827 97.30242 0 0 0 1</matrix>
                <instance_node url="#ID8" />
            </node>
            <node id="ID147" name="instance_42">
                <matrix>0.9884397 0.1511419 0.01196349 39.06995 -0.1509288 0.9883972 -0.0170702 114.288 -0.0144047 0.01506722 0.9997827 85.87065 0 0 0 1</matrix>
                <instance_node url="#ID8" />
            </node>
            <node id="ID148" name="instance_43">
                <matrix>0.9884397 0.1511419 0.01196349 69.01592 -0.1509288 0.9883972 -0.0170702 97.11949 -0.0144047 0.01506722 0.9997827 86.81627 0 0 0 1</matrix>
                <instance_node url="#ID8" />
            </node>
            <node id="ID149" name="instance_44">
                <matrix>0.9884397 0.1511419 0.01196349 44.92579 -0.1509288 0.9883972 -0.0170702 103.4909 -0.0144047 0.01506722 0.9997827 100.2569 0 0 0 1</matrix>
                <instance_node url="#ID8" />
            </node>
            <node id="ID150" name="instance_45">
                <matrix>0.9884397 0.1511419 0.01196349 60.41281 -0.1509288 0.9883972 -0.0170702 110.9712 -0.0144047 0.01506722 0.9997827 99.47364 0 0 0 1</matrix>
                <instance_node url="#ID8" />
            </node>
            <node id="ID151" name="instance_46">
                <matrix>0.9884397 0.1511419 0.01196349 87.2502 -0.1509288 0.9883972 -0.0170702 111.7775 -0.0144047 0.01506722 0.9997827 112.1916 0 0 0 1</matrix>
                <instance_node url="#ID8" />
            </node>
            <node id="ID152" name="instance_47">
                <matrix>0.9884397 0.1511419 0.01196349 62.2692 -0.1509288 0.9883972 -0.0170702 18.97537 -0.0144047 0.01506722 0.9997827 112.4706 0 0 0 1</matrix>
                <instance_node url="#ID8" />
            </node>
            <node id="ID153" name="instance_48">
                <matrix>0.9884397 0.1511419 0.01196349 67.34871 -0.1509288 0.9883972 -0.0170702 40.38225 -0.0144047 0.01506722 0.9997827 111.9525 0 0 0 1</matrix>
                <instance_node url="#ID8" />
            </node>
            <node id="ID154" name="instance_49">
                <matrix>0.9884397 0.1511419 0.01196349 62.43377 -0.1509288 0.9883972 -0.0170702 28.32485 -0.0144047 0.01506722 0.9997827 121.9994 0 0 0 1</matrix>
                <instance_node url="#ID8" />
            </node>
            <node id="ID155" name="instance_50">
                <matrix>0.9884397 0.1511419 0.01196349 30.03264 -0.1509288 0.9883972 -0.0170702 65.68265 -0.0144047 0.01506722 0.9997827 114.3746 0 0 0 1</matrix>
                <instance_node url="#ID8" />
            </node>
            <node id="ID156" name="instance_51">
                <matrix>0.9884397 0.1511419 0.01196349 21.05396 -0.1509288 0.9883972 -0.0170702 79.17686 -0.0144047 0.01506722 0.9997827 139.1086 0 0 0 1</matrix>
                <instance_node url="#ID8" />
            </node>
            <node id="ID157" name="instance_52">
                <matrix>0.9884397 0.1511419 0.01196349 29.43408 -0.1509288 0.9883972 -0.0170702 73.88186 -0.0144047 0.01506722 0.9997827 138.5895 0 0 0 1</matrix>
                <instance_node url="#ID8" />
            </node>
            <node id="ID158" name="instance_53">
                <matrix>0.9884397 0.1511419 0.01196349 50.44344 -0.1509288 0.9883972 -0.0170702 53.9332 -0.0144047 0.01506722 0.9997827 135.7368 0 0 0 1</matrix>
                <instance_node url="#ID8" />
            </node>
            <node id="ID159" name="instance_54">
                <matrix>0.9884397 0.1511419 0.01196349 42.64268 -0.1509288 0.9883972 -0.0170702 44.49882 -0.0144047 0.01506722 0.9997827 143.7432 0 0 0 1</matrix>
                <instance_node url="#ID8" />
            </node>
        </node>
        <node id="ID8" name="Component_2">
            <instance_geometry url="#ID9">
                <bind_material>
                    <technique_common>
                        <instance_material symbol="Material2" target="#ID10">
                            <bind_vertex_input semantic="UVSET0" input_semantic="TEXCOORD" input_set="0" />
                        </instance_material>
                    </technique_common>
                </bind_material>
            </instance_geometry>
        </node>
        <node id="ID48" name="ske16">
            <instance_geometry url="#ID70">
                <bind_material>
                    <technique_common>
                        <instance_material symbol="Material2" target="#ID52">
                            <bind_vertex_input semantic="UVSET0" input_semantic="TEXCOORD" input_set="0" />
                        </instance_material>
                    </technique_common>
                </bind_material>
            </instance_geometry>
            <instance_geometry url="#ID78">
                <bind_material>
                    <technique_common>
                        <instance_material symbol="Material2" target="#ID52">
                            <bind_vertex_input semantic="UVSET0" input_semantic="TEXCOORD" input_set="0" />
                        </instance_material>
                    </technique_common>
                </bind_material>
            </instance_geometry>
            <instance_geometry url="#ID86">
                <bind_material>
                    <technique_common>
                        <instance_material symbol="Material2" target="#ID52">
                            <bind_vertex_input semantic="UVSET0" input_semantic="TEXCOORD" input_set="0" />
                        </instance_material>
                    </technique_common>
                </bind_material>
            </instance_geometry>
            <instance_geometry url="#ID94">
                <bind_material>
                    <technique_common>
                        <instance_material symbol="Material2" target="#ID95">
                            <bind_vertex_input semantic="UVSET0" input_semantic="TEXCOORD" input_set="0" />
                        </instance_material>
                    </technique_common>
                </bind_material>
            </instance_geometry>
            <instance_geometry url="#ID100">
                <bind_material>
                    <technique_common>
                        <instance_material symbol="Material2" target="#ID95">
                            <bind_vertex_input semantic="UVSET0" input_semantic="TEXCOORD" input_set="0" />
                        </instance_material>
                    </technique_common>
                </bind_material>
            </instance_geometry>
            <instance_geometry url="#ID104">
                <bind_material>
                    <technique_common>
                        <instance_material symbol="Material2" target="#ID95">
                            <bind_vertex_input semantic="UVSET0" input_semantic="TEXCOORD" input_set="0" />
                        </instance_material>
                    </technique_common>
                </bind_material>
            </instance_geometry>
            <instance_geometry url="#ID108">
                <bind_material>
                    <technique_common>
                        <instance_material symbol="Material2" target="#ID95">
                            <bind_vertex_input semantic="UVSET0" input_semantic="TEXCOORD" input_set="0" />
                        </instance_material>
                    </technique_common>
                </bind_material>
            </instance_geometry>
            <instance_geometry url="#ID112">
                <bind_material>
                    <technique_common>
                        <instance_material symbol="Material2" target="#ID95">
                            <bind_vertex_input semantic="UVSET0" input_semantic="TEXCOORD" input_set="0" />
                        </instance_material>
                    </technique_common>
                </bind_material>
            </instance_geometry>
            <instance_geometry url="#ID116">
                <bind_material>
                    <technique_common>
                        <instance_material symbol="Material2" target="#ID95">
                            <bind_vertex_input semantic="UVSET0" input_semantic="TEXCOORD" input_set="0" />
                        </instance_material>
                    </technique_common>
                </bind_material>
            </instance_geometry>
            <instance_geometry url="#ID120">
                <bind_material>
                    <technique_common>
                        <instance_material symbol="Material2" target="#ID95">
                            <bind_vertex_input semantic="UVSET0" input_semantic="TEXCOORD" input_set="0" />
                        </instance_material>
                    </technique_common>
                </bind_material>
            </instance_geometry>
            <instance_geometry url="#ID124">
                <bind_material>
                    <technique_common>
                        <instance_material symbol="Material2" target="#ID95">
                            <bind_vertex_input semantic="UVSET0" input_semantic="TEXCOORD" input_set="0" />
                        </instance_material>
                    </technique_common>
                </bind_material>
            </instance_geometry>
            <instance_geometry url="#ID128">
                <bind_material>
                    <technique_common>
                        <instance_material symbol="Material2" target="#ID95">
                            <bind_vertex_input semantic="UVSET0" input_semantic="TEXCOORD" input_set="0" />
                        </instance_material>
                    </technique_common>
                </bind_material>
            </instance_geometry>
            <instance_geometry url="#ID132">
                <bind_material>
                    <technique_common>
                        <instance_material symbol="Material2" target="#ID95">
                            <bind_vertex_input semantic="UVSET0" input_semantic="TEXCOORD" input_set="0" />
                        </instance_material>
                    </technique_common>
                </bind_material>
            </instance_geometry>
            <node id="ID49" name="instance_29">
                <matrix>-0.5075384 0.8616292 0 14.81721 -0.8616292 -0.5075384 0 27.07524 0 0 0.9312 -0.05703467 0 0 0 1</matrix>
                <instance_node url="#ID50" />
            </node>
            <node id="ID69" name="instance_30">
                <matrix>0.9916712 0.1287956 0 -36.66807 -0.1287956 0.9916712 0 3.464533 0 -0 1 -0.05563003 0 0 0 1</matrix>
                <instance_node url="#ID50" />
            </node>
        </node>
        <node id="ID50" name="Group_5">
            <instance_geometry url="#ID51">
                <bind_material>
                    <technique_common>
                        <instance_material symbol="Material2" target="#ID52">
                            <bind_vertex_input semantic="UVSET0" input_semantic="TEXCOORD" input_set="0" />
                        </instance_material>
                        <instance_material symbol="Material3" target="#ID61">
                            <bind_vertex_input semantic="UVSET0" input_semantic="TEXCOORD" input_set="0" />
                        </instance_material>
                    </technique_common>
                </bind_material>
            </instance_geometry>
        </node>
    </library_nodes>
    <library_geometries>
        <geometry id="ID9">
            <mesh>
                <source id="ID15">
                    <float_array id="ID19" count="852">0.6052661 2.273737e-13 -10.48447 2.234033 1.705303e-13 -10.00065 1.355802 3.410605e-13 -12.45726 -0.8749023 2.273737e-13 -9.360026 -2.988179 3.979039e-13 -12.36669 -2.233936 2.842171e-13 -11.48662 -2.500982 2.842171e-13 -12.37684 -3.718926 3.410605e-13 -10.45957 -1.367963 2.273737e-13 -10.63381 -1.774818 2.273737e-13 -9.798178 -4.841713 1.705303e-13 -8.716584 -6.43431 2.842171e-13 -8.683379 -5.410712 2.273737e-13 -9.463332 -16.26638 3.410605e-13 -5.516725 -12.48304 2.273737e-13 -6.649106 -13.25887 3.410605e-13 -7.015349 3.499129 1.136868e-13 -5.729971 7.111496 5.684342e-14 -5.234553 -17.7961 4.547474e-13 -5.150861 6.466125 1.136868e-13 -4.039272 -16.55136 3.979039e-13 -3.31711 10.20225 5.684342e-14 -3.119575 13.7335 0 -3.480507 9.543363 5.684342e-14 -3.965694 9.561282 5.684342e-14 -3.106211 8.324559 0 -4.07802 2.676486 5.684342e-14 -3.091697 -17.4349 3.410605e-13 -2.38146 2.169587 1.136868e-13 -2.826781 2.719343 5.684342e-14 -1.051099 -18.7659 2.273737e-13 -1.858993 -22.02686 3.410605e-13 -0.5789476 3.03651 5.684342e-14 -0.02666749 -20.63071 3.410605e-13 0.1972064 -22.01008 3.410605e-13 0.2259656 14.37125 0 -7.105427e-15 -13.56363 1.136868e-13 5.054352 17.08767 -1.136868e-13 5.337584 17.07426 -5.684342e-14 4.69428 -12.06923 2.273737e-13 5.695477 -13.14141 1.705303e-13 5.717831 18.548 -1.705303e-13 6.09346 -10.78562 1.136868e-13 6.037415 -9.319971 0 6.796802 -9.846989 1.136868e-13 7.473771 -8.96258 0 6.789351 16.16226 -1.705303e-13 3.587249 18.5182 -1.136868e-13 4.664174 17.73478 -1.136868e-13 3.554462 -21.93726 2.273737e-13 3.718296 -20.86675 2.273737e-13 4.16602 -19.37051 2.842171e-13 6.347469 -13.84248 1.136868e-13 6.101149 -12.50121 1.136868e-13 7.264826 -18.1866 1.136868e-13 7.519389 -18.91931 1.705303e-13 8.663216 -8.947677 0 7.504133 9.986963 -1.136868e-13 7.350182 10.00634 -1.705303e-13 8.279399 -9.841438 1.136868e-13 8.096793 -3.697607 0 8.30077 -4.340911 0 8.314182 -9.823555 1.136868e-13 8.954532 -7.822165 5.684342e-14 8.912803 -11.7516 1.136868e-13 7.928081 -16.82853 1.705303e-13 9.086002 -12.73413 1.136868e-13 8.643501 -15.89931 1.136868e-13 9.066629 -3.833264 -1.136868e-13 12.38834 -1.688918 -1.136868e-13 12.34363 -3.842206 -1.136868e-13 11.95947 -2.2079 -5.684342e-14 14.49832 -0.354352 -1.136868e-13 13.15728 1.954728 -1.136868e-13 11.4416 -2.393319 -1.136868e-13 10.68397 1.159719 -2.273737e-13 13.96457 8.101118 -1.705303e-13 10.00985 -3.251403 -5.684342e-14 9.116074 6.600075 -1.136868e-13 10.04115 5.255526 -1.136868e-13 10.68286 4.461142 -1.136868e-13 12.67514 2.593556 -1.136868e-13 11.76259 4.515345 -1.136868e-13 15.27484 5.350903 -1.705303e-13 15.25742 14.22549 -1.136868e-13 7.902598 15.68822 -2.273737e-13 7.872101 10.979 -1.136868e-13 8.570741 13.47199 -1.136868e-13 8.312802 13.17674 -2.273737e-13 8.963928 9.346718 -1.136868e-13 9.460089 14.03149 -2.273737e-13 10.45173 9.93502 -1.705303e-13 9.720705 8.979429 -1.136868e-13 11.87781 13.0721 -1.136868e-13 10.78889 10.19456 -1.136868e-13 11.85248 10.90954 -2.273737e-13 13.95029 11.78576 -2.273737e-13 11.99262 13.12426 -2.273737e-13 13.29063 14.05087 -2.273737e-13 11.38094 7.130383 -1.136868e-13 12.34007 -14.79376 1.136868e-13 11.15086 -13.90185 1.136868e-13 9.34218 -13.86454 5.684342e-14 11.13149 -11.72031 0 11.08678 -12.68277 5.684342e-14 11.10685 -8.633206 5.684342e-14 11.38667 -6.392876 5.684342e-14 9.72676 -5.034077 0 10.56935 -5.748859 5.684342e-14 10.58425 14.71353 -1.705303e-13 8.799069 15.36302 -2.273737e-13 9.992117 20.37943 -2.273737e-13 8.100112 17.06423 -1.705303e-13 9.121846 20.3988 -2.273737e-13 9.029329 19.58183 -2.842171e-13 10.5382 17.66415 -1.705303e-13 10.09581 18.86705 -2.273737e-13 10.5531 16.08672 -5.684342e-14 -0.035767 17.03307 -1.136868e-13 1.129145 17.51157 -5.684342e-14 -0.06547447 -19.74328 3.410605e-13 1.225633 17.71541 -1.136868e-13 2.625245 -20.71951 2.273737e-13 2.722817 16.14289 -1.705303e-13 2.658032 14.32207 1.136868e-13 -2.358781 15.40583 -5.684342e-14 -4.292036 3.901722 5.684342e-14 -0.74729 -9.247583 3.410605e-13 -10.565 -8.361529 3.410605e-13 -9.224795 -8.389845 3.410605e-13 -10.58288 -9.219268 2.273737e-13 -9.206912 -10.5698 2.273737e-13 -8.148509 6.521866 1.136868e-13 -8.537358 7.879952 1.136868e-13 -8.565673 7.060227 1.136868e-13 -7.693561 4.971609 2.273737e-13 -7.650014 6.280637 1.705303e-13 -6.65485 5.099328 2.273737e-13 -11.51769 6.89227 2.273737e-13 -11.70482 6.445883 2.273737e-13 -12.18169 8.358019 1.705303e-13 -10.139 3.043111 2.273737e-13 -10.90761 -6.43431 2.842171e-13 -8.683379 -4.841713 1.705303e-13 -8.716584 7.879952 1.136868e-13 -8.565673 -0.8749023 2.273737e-13 -9.360026 2.234033 1.705303e-13 -10.00065 8.358019 1.705303e-13 -10.139 3.043111 2.273737e-13 -10.90761 5.099328 2.273737e-13 -11.51769 6.89227 2.273737e-13 -11.70482 6.445883 2.273737e-13 -12.18169 3.499129 1.136868e-13 -5.729971 -12.48304 2.273737e-13 -6.649106 6.280637 1.705303e-13 -6.65485 4.971609 2.273737e-13 -7.650014 -10.5698 2.273737e-13 -8.148509 7.060227 1.136868e-13 -7.693561 6.521866 1.136868e-13 -8.537358 -9.219268 2.273737e-13 -9.206912 -8.361529 3.410605e-13 -9.224795 -9.247583 3.410605e-13 -10.565 -8.389845 3.410605e-13 -10.58288 3.03651 5.684342e-14 -0.02666749 3.901722 5.684342e-14 -0.74729 14.37125 0 -7.105427e-15 14.32207 1.136868e-13 -2.358781 2.676486 5.684342e-14 -3.091697 9.561282 5.684342e-14 -3.106211 10.20225 5.684342e-14 -3.119575 13.7335 0 -3.480507 15.40583 -5.684342e-14 -4.292036 -21.93726 2.273737e-13 3.718296 -20.71951 2.273737e-13 2.722817 16.16226 -1.705303e-13 3.587249 16.14289 -1.705303e-13 2.658032 17.71541 -1.136868e-13 2.625245 -19.74328 3.410605e-13 1.225633 17.03307 -1.136868e-13 1.129145 -20.63071 3.410605e-13 0.1972064 16.08672 -5.684342e-14 -0.035767 17.51157 -5.684342e-14 -0.06547447 18.86705 -2.273737e-13 10.5531 17.66415 -1.705303e-13 10.09581 19.58183 -2.842171e-13 10.5382 17.06423 -1.705303e-13 9.121846 20.3988 -2.273737e-13 9.029329 20.37943 -2.273737e-13 8.100112 15.68822 -2.273737e-13 7.872101 9.986963 -1.136868e-13 7.350182 -8.96258 0 6.789351 18.548 -1.705303e-13 6.09346 14.22549 -1.136868e-13 7.902598 14.71353 -1.705303e-13 8.799069 15.36302 -2.273737e-13 9.992117 -5.748859 5.684342e-14 10.58425 -6.392876 5.684342e-14 9.72676 -5.034077 0 10.56935 -7.822165 5.684342e-14 8.912803 -4.340911 0 8.314182 -8.633206 5.684342e-14 11.38667 -12.68277 5.684342e-14 11.10685 -13.90185 1.136868e-13 9.34218 -11.72031 0 11.08678 -15.89931 1.136868e-13 9.066629 -12.73413 1.136868e-13 8.643501 -13.86454 5.684342e-14 11.13149 -14.79376 1.136868e-13 11.15086 5.255526 -1.136868e-13 10.68286 6.600075 -1.136868e-13 10.04115 7.130383 -1.136868e-13 12.34007 13.0721 -1.136868e-13 10.78889 14.03149 -2.273737e-13 10.45173 14.05087 -2.273737e-13 11.38094 10.19456 -1.136868e-13 11.85248 11.78576 -2.273737e-13 11.99262 13.12426 -2.273737e-13 13.29063 10.90954 -2.273737e-13 13.95029 8.979429 -1.136868e-13 11.87781 9.93502 -1.705303e-13 9.720705 9.346718 -1.136868e-13 9.460089 13.17674 -2.273737e-13 8.963928 10.979 -1.136868e-13 8.570741 13.47199 -1.136868e-13 8.312802 5.350903 -1.705303e-13 15.25742 4.515345 -1.136868e-13 15.27484 4.461142 -1.136868e-13 12.67514 2.593556 -1.136868e-13 11.76259 1.954728 -1.136868e-13 11.4416 -2.393319 -1.136868e-13 10.68397 -3.251403 -5.684342e-14 9.116074 8.101118 -1.705303e-13 10.00985 -3.697607 0 8.30077 10.00634 -1.705303e-13 8.279399 -0.354352 -1.136868e-13 13.15728 -1.688918 -1.136868e-13 12.34363 1.159719 -2.273737e-13 13.96457 -3.842206 -1.136868e-13 11.95947 -2.2079 -5.684342e-14 14.49832 -3.833264 -1.136868e-13 12.38834 -16.82853 1.705303e-13 9.086002 -11.7516 1.136868e-13 7.928081 -18.1866 1.136868e-13 7.519389 -12.50121 1.136868e-13 7.264826 -9.823555 1.136868e-13 8.954532 -9.841438 1.136868e-13 8.096793 -8.947677 0 7.504133 -18.91931 1.705303e-13 8.663216 -19.37051 2.842171e-13 6.347469 -13.84248 1.136868e-13 6.101149 -13.56363 1.136868e-13 5.054352 17.07426 -5.684342e-14 4.69428 18.5182 -1.136868e-13 4.664174 -20.86675 2.273737e-13 4.16602 17.73478 -1.136868e-13 3.554462 -9.319971 0 6.796802 -9.846989 1.136868e-13 7.473771 -10.78562 1.136868e-13 6.037415 -12.06923 2.273737e-13 5.695477 17.08767 -1.136868e-13 5.337584 -13.14141 1.705303e-13 5.717831 -22.01008 3.410605e-13 0.2259656 -22.02686 3.410605e-13 -0.5789476 2.719343 5.684342e-14 -1.051099 -18.7659 2.273737e-13 -1.858993 -17.4349 3.410605e-13 -2.38146 2.169587 1.136868e-13 -2.826781 -16.55136 3.979039e-13 -3.31711 6.466125 1.136868e-13 -4.039272 8.324559 0 -4.07802 9.543363 5.684342e-14 -3.965694 -17.7961 4.547474e-13 -5.150861 7.111496 5.684342e-14 -5.234553 -16.26638 3.410605e-13 -5.516725 -13.25887 3.410605e-13 -7.015349 -5.410712 2.273737e-13 -9.463332 -1.774818 2.273737e-13 -9.798178 -3.718926 3.410605e-13 -10.45957 -1.367963 2.273737e-13 -10.63381 -2.233936 2.842171e-13 -11.48662 -2.988179 3.979039e-13 -12.36669 -2.500982 2.842171e-13 -12.37684 0.6052661 2.273737e-13 -10.48447 1.355802 3.410605e-13 -12.45726</float_array>
                    <technique_common>
                        <accessor count="284" source="#ID19" stride="3">
                            <param name="X" type="float" />
                            <param name="Y" type="float" />
                            <param name="Z" type="float" />
                        </accessor>
                    </technique_common>
                </source>
                <source id="ID16">
